6.629999999999999782e-02
7.140000000000000513e-02
5.600000000000000117e-02
5.879999999999999810e-02
5.909999999999999976e-02
6.160000000000000198e-02
6.169999999999999790e-02
5.469999999999999862e-02
5.890000000000000097e-02
5.909999999999999976e-02
6.640000000000000069e-02
5.750000000000000250e-02
5.410000000000000225e-02
4.970000000000000112e-02
5.670000000000000040e-02
6.339999999999999802e-02
6.469999999999999363e-02
5.469999999999999862e-02
6.590000000000000024e-02
5.639999999999999875e-02
6.990000000000000380e-02
4.399999999999999745e-02
6.219999999999999835e-02
7.320000000000000118e-02
4.569999999999999757e-02
6.370000000000000662e-02
5.720000000000000084e-02
5.580000000000000238e-02
5.639999999999999875e-02
5.090000000000000080e-02
6.119999999999999746e-02
5.949999999999999734e-02
5.279999999999999971e-02
5.229999999999999927e-02
5.639999999999999875e-02
5.870000000000000218e-02
5.059999999999999915e-02
6.180000000000000077e-02
5.129999999999999838e-02
6.320000000000000617e-02
5.659999999999999754e-02
4.189999999999999974e-02
5.790000000000000008e-02
5.739999999999999963e-02
5.559999999999999665e-02
5.070000000000000201e-02
6.460000000000000464e-02
5.020000000000000157e-02
5.770000000000000129e-02
4.649999999999999967e-02
5.899999999999999689e-02
4.889999999999999902e-02
4.900000000000000189e-02
6.310000000000000331e-02
6.519999999999999407e-02
4.469999999999999668e-02
5.059999999999999915e-02
5.040000000000000036e-02
5.859999999999999931e-02
5.990000000000000185e-02
5.609999999999999709e-02
5.419999999999999818e-02
6.180000000000000077e-02
6.579999999999999738e-02
6.219999999999999835e-02
6.560000000000000553e-02
5.399999999999999939e-02
7.220000000000000029e-02
4.689999999999999725e-02
6.199999999999999956e-02
4.479999999999999954e-02
4.939999999999999947e-02
5.670000000000000040e-02
5.199999999999999761e-02
5.990000000000000185e-02
5.439999999999999697e-02
6.350000000000000089e-02
4.979999999999999705e-02
5.240000000000000213e-02
4.270000000000000184e-02
5.510000000000000314e-02
6.640000000000000069e-02
7.340000000000000691e-02
6.629999999999999782e-02
6.310000000000000331e-02
5.210000000000000048e-02
6.460000000000000464e-02
6.010000000000000064e-02
4.340000000000000108e-02
7.109999999999999654e-02
5.750000000000000250e-02
5.829999999999999766e-02
6.339999999999999802e-02
6.210000000000000242e-02
6.410000000000000420e-02
6.590000000000000024e-02
6.350000000000000089e-02
5.029999999999999749e-02
6.890000000000000291e-02
6.729999999999999871e-02
