# Recorrida,Repetida,Tiempo
1.395750000000000046e-01,7.996699999999999642e-02,1.541000000000000000e+03
1.738609999999999878e-01,1.064689999999999942e-01,1.960000000000000000e+03
1.679569999999999952e-01,1.059800000000000048e-01,1.996000000000000000e+03
3.216809999999999947e-01,1.983149999999999913e-01,4.598000000000000000e+03
3.386759999999999771e-01,2.214550000000000129e-01,5.611000000000000000e+03
1.248480000000000006e-01,6.922499999999999487e-02,1.211000000000000000e+03
3.805760000000000254e-01,2.667320000000000246e-01,6.045000000000000000e+03
5.944350000000000467e-01,4.839570000000000261e-01,1.513400000000000000e+04
3.318920000000000203e-01,1.997339999999999949e-01,4.084000000000000000e+03
1.936799999999999980e-02,3.815999999999999948e-03,9.700000000000000000e+01
3.294349999999999778e-01,2.069209999999999938e-01,5.979000000000000000e+03
1.832129999999999870e-01,1.185380000000000045e-01,2.176000000000000000e+03
6.409660000000000357e-01,4.743629999999999791e-01,1.252900000000000000e+04
2.653340000000000143e-01,1.635389999999999899e-01,3.392000000000000000e+03
4.204600000000000004e-01,2.761089999999999933e-01,5.716000000000000000e+03
5.121750000000000469e-01,3.539619999999999989e-01,1.096400000000000000e+04
7.716269999999999518e-01,6.611500000000000155e-01,2.790800000000000000e+04
1.099429999999999991e-01,5.770700000000000135e-02,1.040000000000000000e+03
2.334299999999999986e-01,1.343000000000000027e-01,2.731000000000000000e+03
3.860390000000000210e-01,2.579779999999999851e-01,5.188000000000000000e+03
7.231739999999999835e-01,5.926000000000000156e-01,1.953300000000000000e+04
1.319230000000000125e-01,9.630299999999999971e-02,2.275000000000000000e+03
8.800789999999999447e-01,7.648650000000000171e-01,2.534800000000000000e+04
5.824230000000000240e-01,4.315629999999999744e-01,1.110500000000000000e+04
6.213189999999999547e-01,4.684670000000000223e-01,1.219000000000000000e+04
2.547829999999999817e-01,1.478399999999999992e-01,2.871000000000000000e+03
4.517510000000000137e-01,3.721860000000000168e-01,1.387400000000000000e+04
1.237560000000000049e-01,5.790000000000000008e-02,1.191000000000000000e+03
1.475970000000000060e-01,7.867999999999999994e-02,2.030000000000000000e+03
3.186740000000000128e-01,1.906650000000000011e-01,3.965000000000000000e+03
1.105840000000000017e-01,5.736999999999999739e-02,1.151000000000000000e+03
4.016970000000000263e-01,2.948560000000000070e-01,7.447000000000000000e+03
2.766499999999999862e-02,1.454399999999999964e-02,2.180000000000000000e+02
9.838900000000000423e-02,4.618599999999999789e-02,7.430000000000000000e+02
1.521270000000000122e-01,7.562000000000000666e-02,1.239000000000000000e+03
1.115999999999999978e-02,2.811999999999999830e-03,6.400000000000000000e+01
1.075519999999999948e-01,4.830700000000000272e-02,8.750000000000000000e+02
7.114690000000000181e-01,5.675700000000000189e-01,1.489300000000000000e+04
1.985109999999999930e-01,1.364390000000000047e-01,2.846000000000000000e+03
1.603999999999999870e-01,8.805599999999999539e-02,1.920000000000000000e+03
3.879230000000000178e-01,2.255919999999999870e-01,5.416000000000000000e+03
3.100809999999999955e-01,2.077610000000000012e-01,4.191000000000000000e+03
4.287560000000000260e-01,2.678010000000000113e-01,5.428000000000000000e+03
5.938100000000000322e-02,2.450499999999999901e-02,5.490000000000000000e+02
2.045659999999999978e-01,1.133340000000000042e-01,2.209000000000000000e+03
2.177439999999999931e-01,1.330020000000000091e-01,2.714000000000000000e+03
4.347999999999999782e-02,2.380200000000000024e-02,4.130000000000000000e+02
9.436660000000000048e-01,8.911769999999999969e-01,4.425000000000000000e+04
5.679819999999999869e-01,3.739080000000000181e-01,8.340000000000000000e+03
4.322829999999999728e-01,2.844920000000000226e-01,5.982000000000000000e+03
4.720119999999999871e-01,3.073899999999999966e-01,7.159000000000000000e+03
3.234600000000000253e-01,2.024880000000000013e-01,4.087000000000000000e+03
7.541989999999999528e-01,5.917120000000000157e-01,1.807200000000000000e+04
1.673739999999999950e-01,1.232410000000000033e-01,3.156000000000000000e+03
1.121629999999999988e-01,7.864699999999999469e-02,2.047000000000000000e+03
7.788799999999999890e-02,4.468899999999999956e-02,7.820000000000000000e+02
4.874930000000000097e-01,3.433749999999999858e-01,8.213000000000000000e+03
8.203890000000000349e-01,7.143199999999999550e-01,2.740300000000000000e+04
5.528299999999999881e-02,2.044699999999999990e-02,3.810000000000000000e+02
2.799200000000000021e-01,1.704910000000000037e-01,3.793000000000000000e+03
4.939609999999999834e-01,3.343829999999999858e-01,7.604000000000000000e+03
6.986769999999999925e-01,5.422639999999999683e-01,1.663100000000000000e+04
2.376669999999999894e-01,1.508799999999999863e-01,3.205000000000000000e+03
6.932460000000000289e-01,5.349209999999999798e-01,1.477200000000000000e+04
1.389330000000000009e-01,8.221699999999999842e-02,1.578000000000000000e+03
4.295329999999999981e-01,2.829869999999999886e-01,5.656000000000000000e+03
6.131079999999999863e-01,4.664010000000000100e-01,1.144100000000000000e+04
2.791839999999999877e-01,1.644819999999999893e-01,3.950000000000000000e+03
7.648099999999999343e-02,4.229299999999999726e-02,7.120000000000000000e+02
4.752319999999999878e-01,3.089470000000000272e-01,6.104000000000000000e+03
6.154169999999999918e-01,4.458920000000000106e-01,9.587000000000000000e+03
5.807219999999999605e-01,4.306110000000000215e-01,1.041000000000000000e+04
9.457300000000000428e-02,5.583400000000000168e-02,1.015000000000000000e+03
1.184999999999999942e-02,5.075999999999999783e-03,8.000000000000000000e+01
1.308950000000000113e-01,6.202499999999999680e-02,1.202000000000000000e+03
1.264969999999999983e-01,6.681399999999999839e-02,1.329000000000000000e+03
2.234480000000000077e-01,1.193379999999999996e-01,2.261000000000000000e+03
3.679959999999999898e-01,2.308489999999999986e-01,5.871000000000000000e+03
8.074770000000000003e-01,6.477739999999999609e-01,1.888600000000000000e+04
5.395520000000000316e-01,3.639200000000000212e-01,7.541000000000000000e+03
3.123270000000000213e-01,1.967889999999999917e-01,3.943000000000000000e+03
4.289350000000000107e-01,2.618070000000000119e-01,5.214000000000000000e+03
6.977449999999999486e-01,5.268119999999999470e-01,1.324200000000000000e+04
4.785639999999999894e-01,3.437430000000000208e-01,9.681000000000000000e+03
8.669529999999999736e-01,7.386939999999999618e-01,2.113000000000000000e+04
1.429279999999999995e-01,7.287699999999999734e-02,1.429000000000000000e+03
6.929239999999999844e-01,5.115739999999999732e-01,1.147200000000000000e+04
3.960569999999999924e-01,2.563889999999999780e-01,5.520000000000000000e+03
3.873059999999999836e-01,2.574100000000000277e-01,5.722000000000000000e+03
4.995049999999999768e-01,3.340389999999999748e-01,7.888000000000000000e+03
6.776469999999999994e-01,4.914470000000000227e-01,1.173400000000000000e+04
3.193550000000000000e-01,2.224770000000000081e-01,4.653000000000000000e+03
6.981720000000000148e-01,5.454039999999999999e-01,1.911500000000000000e+04
6.713310000000000111e-01,5.331369999999999720e-01,1.329700000000000000e+04
3.374590000000000090e-01,2.180159999999999876e-01,4.406000000000000000e+03
8.135769999999999946e-01,6.601909999999999723e-01,2.042800000000000000e+04
1.645800000000000041e-02,8.949000000000000357e-03,1.400000000000000000e+02
8.864600000000000257e-02,5.145099999999999674e-02,1.104000000000000000e+03
3.149549999999999850e-01,2.208410000000000095e-01,4.972000000000000000e+03
6.203629999999999978e-01,4.423030000000000017e-01,1.004800000000000000e+04
5.328600000000000003e-01,3.525019999999999820e-01,7.632000000000000000e+03
3.817220000000000057e-01,2.688369999999999926e-01,6.127000000000000000e+03
1.091680000000000011e-01,5.183700000000000113e-02,1.057000000000000000e+03
6.738300000000000400e-01,4.638309999999999933e-01,1.012100000000000000e+04
4.068979999999999819e-01,2.630109999999999948e-01,5.618000000000000000e+03
7.317630000000000523e-01,5.707119999999999971e-01,1.854900000000000000e+04
1.701080000000000092e-01,9.692699999999999927e-02,1.935000000000000000e+03
3.070320000000000271e-01,2.123170000000000057e-01,4.530000000000000000e+03
1.148740000000000039e-01,4.995999999999999747e-02,1.001000000000000000e+03
1.730389999999999984e-01,1.144300000000000039e-01,2.509000000000000000e+03
6.812699999999999312e-02,3.597500000000000003e-02,6.170000000000000000e+02
2.743500000000000105e-02,9.126999999999999696e-03,1.780000000000000000e+02
3.994999999999999940e-02,2.244900000000000020e-02,4.420000000000000000e+02
6.421620000000000106e-01,5.444569999999999688e-01,1.751800000000000000e+04
8.320849999999999635e-01,7.171389999999999709e-01,2.501000000000000000e+04
3.116689999999999738e-01,2.071999999999999953e-01,4.494000000000000000e+03
5.492780000000000440e-01,3.932780000000000165e-01,1.128400000000000000e+04
6.818579999999999641e-01,5.229089999999999572e-01,1.331700000000000000e+04
1.893990000000000118e-01,1.083559999999999940e-01,2.350000000000000000e+03
1.264460000000000028e-01,7.030899999999999650e-02,1.367000000000000000e+03
5.941099999999999853e-02,2.690000000000000030e-02,4.880000000000000000e+02
6.851999999999999584e-03,3.297000000000000017e-03,5.300000000000000000e+01
8.820050000000000390e-01,7.714349999999999818e-01,2.673500000000000000e+04
4.033930000000000016e-01,2.754719999999999946e-01,6.025000000000000000e+03
1.637309999999999877e-01,8.776200000000000667e-02,1.695000000000000000e+03
2.627740000000000076e-01,1.818639999999999979e-01,4.664000000000000000e+03
4.852339999999999987e-01,3.187329999999999885e-01,6.422000000000000000e+03
2.265689999999999926e-01,1.358999999999999930e-01,2.696000000000000000e+03
3.256649999999999823e-01,2.055029999999999912e-01,4.627000000000000000e+03
1.298680000000000112e-01,5.919800000000000062e-02,1.148000000000000000e+03
1.994399999999999992e-02,8.047000000000000333e-03,1.490000000000000000e+02
6.856419999999999737e-01,5.118939999999999602e-01,1.299100000000000000e+04
1.360800000000000030e-02,3.376000000000000095e-03,7.200000000000000000e+01
1.871960000000000013e-01,1.305679999999999896e-01,3.409000000000000000e+03
3.423700000000000077e-01,1.961360000000000048e-01,3.574000000000000000e+03
7.328850000000000087e-01,5.791100000000000136e-01,1.741500000000000000e+04
5.822869999999999990e-01,4.161710000000000131e-01,1.094200000000000000e+04
7.488409999999999789e-01,6.017730000000000024e-01,1.997800000000000000e+04
6.705510000000000081e-01,4.875900000000000234e-01,1.178700000000000000e+04
2.944000000000000089e-02,1.357500000000000026e-02,2.090000000000000000e+02
1.970449999999999979e-01,1.074240000000000056e-01,1.997000000000000000e+03
4.851840000000000042e-01,3.056369999999999920e-01,6.256000000000000000e+03
5.091930000000000067e-01,3.405859999999999999e-01,7.785000000000000000e+03
5.769410000000000371e-01,4.117990000000000261e-01,9.785000000000000000e+03
1.482199999999999906e-01,7.523900000000000032e-02,1.625000000000000000e+03
6.535299999999999443e-02,3.387500000000000233e-02,5.910000000000000000e+02
3.765999999999999903e-02,1.719400000000000095e-02,2.740000000000000000e+02
6.070400000000000101e-02,3.794899999999999662e-02,6.510000000000000000e+02
3.621119999999999894e-01,2.490340000000000054e-01,5.356000000000000000e+03
4.297900000000000054e-01,2.651700000000000168e-01,6.065000000000000000e+03
5.577919999999999545e-01,3.988479999999999803e-01,1.020100000000000000e+04
8.836800000000000210e-02,4.871299999999999936e-02,9.110000000000000000e+02
5.476339999999999542e-01,4.320080000000000031e-01,1.550000000000000000e+04
8.350859999999999950e-01,7.503720000000000390e-01,2.822600000000000000e+04
7.910000000000000364e-03,4.271999999999999756e-03,8.200000000000000000e+01
4.841920000000000113e-01,3.247909999999999964e-01,7.140000000000000000e+03
1.546019999999999894e-01,9.570800000000000141e-02,1.794000000000000000e+03
1.400700000000000035e-02,7.556000000000000216e-03,1.380000000000000000e+02
5.341259999999999897e-01,3.804489999999999816e-01,1.003000000000000000e+04
6.111410000000000453e-01,4.568720000000000003e-01,1.221400000000000000e+04
5.316699999999999898e-02,2.431399999999999881e-02,4.020000000000000000e+02
1.831270000000000120e-01,1.070969999999999978e-01,2.114000000000000000e+03
5.033940000000000081e-01,3.207780000000000076e-01,7.079000000000000000e+03
3.067929999999999824e-01,1.706739999999999924e-01,3.501000000000000000e+03
4.594590000000000063e-01,2.613800000000000012e-01,5.356000000000000000e+03
5.523299999999999738e-02,2.643900000000000070e-02,4.790000000000000000e+02
5.593000000000000055e-02,2.307899999999999882e-02,4.660000000000000000e+02
5.466399999999999731e-02,2.153800000000000159e-02,3.940000000000000000e+02
9.868270000000000097e-01,9.651960000000000539e-01,6.184700000000000000e+04
2.063500000000000056e-02,8.351000000000000784e-03,1.540000000000000000e+02
2.763920000000000265e-01,1.507749999999999924e-01,3.712000000000000000e+03
1.300499999999999989e-01,7.880700000000000205e-02,1.545000000000000000e+03
4.981599999999999917e-01,3.777240000000000042e-01,9.711000000000000000e+03
3.449829999999999841e-01,2.286030000000000006e-01,4.354000000000000000e+03
3.492870000000000141e-01,2.095909999999999995e-01,4.275000000000000000e+03
1.381469999999999920e-01,5.334200000000000053e-02,2.503000000000000000e+03
4.828600000000000114e-01,3.424510000000000054e-01,7.030000000000000000e+03
7.215399999999999592e-02,4.151500000000000329e-02,6.780000000000000000e+02
6.820279999999999676e-01,5.170000000000000151e-01,1.278000000000000000e+04
7.500830000000000553e-01,5.618090000000000028e-01,1.302400000000000000e+04
5.435130000000000239e-01,3.755359999999999809e-01,1.040700000000000000e+04
6.513510000000000133e-01,4.660259999999999958e-01,1.110900000000000000e+04
2.615640000000000187e-01,2.069110000000000116e-01,4.734000000000000000e+03
6.957299999999999596e-02,3.440800000000000108e-02,6.400000000000000000e+02
4.789869999999999961e-01,3.240589999999999860e-01,7.146000000000000000e+03
5.233060000000000489e-01,3.450170000000000181e-01,9.686000000000000000e+03
4.705409999999999870e-01,3.493899999999999784e-01,1.095000000000000000e+04
2.683099999999999929e-01,1.533059999999999978e-01,2.873000000000000000e+03
3.362199999999999911e-02,2.094100000000000128e-02,3.220000000000000000e+02
8.045149999999999801e-01,6.960309999999999553e-01,2.808000000000000000e+04
4.170100000000000195e-02,2.510199999999999931e-02,4.660000000000000000e+02
3.818529999999999980e-01,2.274529999999999885e-01,5.044000000000000000e+03
8.016489999999999450e-01,6.550970000000000404e-01,1.895500000000000000e+04
5.837620000000000031e-01,4.479879999999999973e-01,1.412800000000000000e+04
7.219160000000000021e-01,5.359049999999999647e-01,1.352500000000000000e+04
2.537499999999999756e-01,1.641950000000000076e-01,3.145000000000000000e+03
5.717250000000000387e-01,3.692969999999999864e-01,7.437000000000000000e+03
9.765999999999999681e-02,6.275200000000000222e-02,1.291000000000000000e+03
1.220630000000000048e-01,7.733700000000000296e-02,1.401000000000000000e+03
3.882689999999999753e-01,2.500189999999999912e-01,4.935000000000000000e+03
2.459250000000000047e-01,1.537660000000000138e-01,3.887000000000000000e+03
5.205309999999999659e-01,3.423999999999999821e-01,7.455000000000000000e+03
5.370599999999999818e-01,3.817139999999999977e-01,1.109400000000000000e+04
4.942639999999999811e-01,3.395170000000000132e-01,9.411000000000000000e+03
7.371410000000000462e-01,5.859839999999999494e-01,1.754600000000000000e+04
1.882590000000000097e-01,8.385499999999999898e-02,1.799000000000000000e+03
6.070039999999999880e-01,4.422730000000000272e-01,1.081600000000000000e+04
7.415700000000000069e-02,2.594799999999999884e-02,4.810000000000000000e+02
5.930809999999999693e-01,4.466249999999999942e-01,1.194800000000000000e+04
3.223849999999999771e-01,2.158049999999999968e-01,4.890000000000000000e+03
1.428199999999999956e-02,5.347000000000000190e-03,9.200000000000000000e+01
1.926239999999999897e-01,1.200829999999999953e-01,2.089000000000000000e+03
6.061300000000000021e-02,2.544899999999999940e-02,5.440000000000000000e+02
1.737400000000000055e-02,5.906999999999999924e-03,1.000000000000000000e+02
4.000000000000000192e-04,0.000000000000000000e+00,1.000000000000000000e+00
7.111549999999999816e-01,5.599290000000000100e-01,1.558700000000000000e+04
8.619839999999999725e-01,7.596749999999999892e-01,3.115400000000000000e+04
2.241980000000000084e-01,1.367990000000000039e-01,2.726000000000000000e+03
4.223210000000000020e-01,2.780610000000000026e-01,6.383000000000000000e+03
5.466579999999999773e-01,4.094990000000000019e-01,1.137300000000000000e+04
3.570260000000000100e-01,2.213829999999999965e-01,4.216000000000000000e+03
1.053699999999999949e-02,4.910999999999999567e-03,8.700000000000000000e+01
6.604360000000000230e-01,4.867150000000000087e-01,1.266600000000000000e+04
2.937279999999999891e-01,1.736910000000000120e-01,3.142000000000000000e+03
8.345069999999999988e-01,6.984350000000000280e-01,1.998300000000000000e+04
7.137480000000000491e-01,5.665569999999999773e-01,2.026500000000000000e+04
3.399499999999999744e-02,1.495499999999999954e-02,2.710000000000000000e+02
2.305799999999999864e-02,9.889000000000000221e-03,1.880000000000000000e+02
4.160050000000000137e-01,3.233590000000000075e-01,9.867000000000000000e+03
1.069200000000000012e-01,5.852899999999999769e-02,1.142000000000000000e+03
3.079999999999999960e-01,2.015369999999999939e-01,4.217000000000000000e+03
5.290139999999999842e-01,3.611179999999999946e-01,8.272000000000000000e+03
4.998389999999999778e-01,3.557819999999999871e-01,7.522000000000000000e+03
4.102299999999999697e-02,1.889599999999999960e-02,4.250000000000000000e+02
3.963459999999999761e-01,2.529259999999999842e-01,5.638000000000000000e+03
6.952019999999999866e-01,5.461639999999999828e-01,1.512200000000000000e+04
9.758500000000000507e-02,4.890499999999999708e-02,8.910000000000000000e+02
4.666080000000000227e-01,2.967569999999999930e-01,6.518000000000000000e+03
2.151309999999999889e-01,1.212850000000000039e-01,2.948000000000000000e+03
6.863800000000000456e-02,3.980500000000000010e-02,7.140000000000000000e+02
3.241220000000000212e-01,2.049819999999999975e-01,4.136000000000000000e+03
1.069979999999999959e-01,4.586599999999999705e-02,1.105000000000000000e+03
3.857380000000000253e-01,2.503040000000000265e-01,5.863000000000000000e+03
5.791199999999999681e-01,3.974420000000000175e-01,8.550000000000000000e+03
2.895899999999999863e-02,1.786499999999999894e-02,3.450000000000000000e+02
3.671590000000000131e-01,2.272579999999999878e-01,5.611000000000000000e+03
2.303230000000000000e-01,1.618120000000000114e-01,3.301000000000000000e+03
3.306239999999999735e-01,2.145769999999999900e-01,4.772000000000000000e+03
7.047949999999999493e-01,5.788990000000000524e-01,1.668400000000000000e+04
6.169959999999999889e-01,4.261630000000000140e-01,9.864000000000000000e+03
3.759830000000000116e-01,2.359100000000000086e-01,4.503000000000000000e+03
1.429360000000000075e-01,8.084399999999999920e-02,1.679000000000000000e+03
5.640629999999999811e-01,3.845700000000000229e-01,8.491000000000000000e+03
7.049400000000000110e-02,3.347100000000000075e-02,5.530000000000000000e+02
8.285529999999999839e-01,7.160239999999999938e-01,2.174200000000000000e+04
3.736559999999999881e-01,2.480960000000000110e-01,4.807000000000000000e+03
4.113319999999999754e-01,2.496210000000000095e-01,8.580000000000000000e+03
4.410600000000000076e-01,3.070899999999999741e-01,6.900000000000000000e+03
8.287449999999999539e-01,6.862709999999999644e-01,2.237100000000000000e+04
5.033000000000000147e-03,2.962999999999999922e-03,5.200000000000000000e+01
2.944370000000000043e-01,1.805680000000000063e-01,3.865000000000000000e+03
2.239780000000000104e-01,1.539840000000000098e-01,3.128000000000000000e+03
8.295199999999999796e-02,4.639499999999999874e-02,7.950000000000000000e+02
1.443540000000000101e-01,7.551099999999999479e-02,1.866000000000000000e+03
5.866430000000000256e-01,4.194390000000000063e-01,1.015100000000000000e+04
5.244000000000000397e-03,1.925999999999999978e-03,3.300000000000000000e+01
1.913150000000000128e-01,1.228360000000000007e-01,2.514000000000000000e+03
7.056329999999999547e-01,5.359150000000000302e-01,1.370200000000000000e+04
7.907599999999999352e-02,4.539300000000000279e-02,8.880000000000000000e+02
4.146850000000000258e-01,2.611399999999999832e-01,5.501000000000000000e+03
4.601759999999999740e-01,3.226680000000000104e-01,6.753000000000000000e+03
7.810000000000000275e-02,3.869199999999999723e-02,6.910000000000000000e+02
1.975069999999999881e-01,1.220979999999999982e-01,2.463000000000000000e+03
3.519930000000000003e-01,2.363139999999999963e-01,5.924000000000000000e+03
4.029719999999999969e-01,2.689239999999999964e-01,5.822000000000000000e+03
6.053969999999999629e-01,4.178910000000000124e-01,1.019800000000000000e+04
1.357260000000000133e-01,7.143099999999999450e-02,1.252000000000000000e+03
4.389259999999999828e-01,2.839979999999999727e-01,6.230000000000000000e+03
4.386160000000000059e-01,2.929039999999999977e-01,6.775000000000000000e+03
6.990100000000000480e-02,3.539300000000000085e-02,7.130000000000000000e+02
6.770100000000000007e-01,4.647809999999999997e-01,1.061400000000000000e+04
4.196300000000000030e-01,2.639889999999999737e-01,5.630000000000000000e+03
2.097380000000000078e-01,1.344920000000000004e-01,3.050000000000000000e+03
3.459720000000000018e-01,2.096379999999999910e-01,4.051000000000000000e+03
2.434929999999999872e-01,1.435899999999999954e-01,2.827000000000000000e+03
5.942499999999999866e-02,3.136400000000000299e-02,5.130000000000000000e+02
9.665300000000000280e-02,4.917900000000000049e-02,7.980000000000000000e+02
1.344829999999999914e-01,7.953100000000000447e-02,1.658000000000000000e+03
4.455300000000000232e-02,2.146699999999999997e-02,3.690000000000000000e+02
1.193410000000000026e-01,6.643899999999999806e-02,1.151000000000000000e+03
3.267140000000000044e-01,2.197320000000000106e-01,5.016000000000000000e+03
2.827180000000000248e-01,1.836679999999999979e-01,4.419000000000000000e+03
3.538649999999999851e-01,2.163140000000000063e-01,4.323000000000000000e+03
2.232989999999999975e-01,1.358320000000000083e-01,3.175000000000000000e+03
2.757479999999999931e-01,1.644829999999999903e-01,3.844000000000000000e+03
1.355879999999999863e-01,6.616600000000000259e-02,1.166000000000000000e+03
4.389239999999999808e-01,2.768740000000000090e-01,5.751000000000000000e+03
1.639400000000000024e-01,9.104600000000000193e-02,1.735000000000000000e+03
2.296900000000000053e-01,1.516210000000000058e-01,3.569000000000000000e+03
3.287950000000000039e-01,2.050510000000000110e-01,4.465000000000000000e+03
4.708199999999999885e-02,2.054599999999999829e-02,4.500000000000000000e+02
9.893599999999999617e-02,5.535299999999999943e-02,1.088000000000000000e+03
6.918250000000000233e-01,5.477670000000000039e-01,1.481100000000000000e+04
4.937670000000000115e-01,3.689779999999999727e-01,8.594000000000000000e+03
3.928349999999999898e-01,2.536749999999999838e-01,5.507000000000000000e+03
5.444919999999999760e-01,3.936209999999999987e-01,8.638000000000000000e+03
2.426599999999999938e-02,1.031199999999999999e-02,2.210000000000000000e+02
7.789120000000000488e-01,6.055479999999999752e-01,1.514000000000000000e+04
2.494299999999999989e-02,9.201000000000000845e-03,1.610000000000000000e+02
3.669399999999999745e-02,1.562400000000000073e-02,2.740000000000000000e+02
5.624400000000000233e-02,3.277999999999999664e-02,5.660000000000000000e+02
7.709100000000000674e-02,3.770199999999999940e-02,7.260000000000000000e+02
6.889000000000000158e-03,3.419999999999999863e-03,5.000000000000000000e+01
4.303999999999999666e-03,1.443000000000000055e-03,2.500000000000000000e+01
4.424109999999999987e-01,2.663510000000000044e-01,5.271000000000000000e+03
3.446969999999999756e-01,2.239770000000000094e-01,4.698000000000000000e+03
5.375980000000000203e-01,3.810760000000000258e-01,8.591000000000000000e+03
6.472219999999999640e-01,4.677279999999999771e-01,1.011900000000000000e+04
6.202250000000000263e-01,4.398549999999999960e-01,1.070800000000000000e+04
2.354729999999999879e-01,1.455180000000000085e-01,2.998000000000000000e+03
1.799999999999999951e-03,1.769999999999999926e-04,8.000000000000000000e+00
8.675199999999999578e-02,4.349800000000000194e-02,8.320000000000000000e+02
9.418180000000000440e-01,8.556399999999999562e-01,3.235500000000000000e+04
8.763799999999999368e-02,5.047299999999999703e-02,8.480000000000000000e+02
2.785270000000000246e-01,1.793770000000000087e-01,3.955000000000000000e+03
1.546929999999999972e-01,8.999600000000000655e-02,1.544000000000000000e+03
1.786999999999999960e-03,3.690000000000000246e-04,8.000000000000000000e+00
2.744280000000000053e-01,1.761060000000000125e-01,3.901000000000000000e+03
1.728570000000000106e-01,1.198810000000000014e-01,3.062000000000000000e+03
4.608119999999999994e-01,2.876040000000000263e-01,6.008000000000000000e+03
2.204840000000000133e-01,1.378179999999999961e-01,2.825000000000000000e+03
3.316540000000000044e-01,2.119779999999999998e-01,4.569000000000000000e+03
6.216930000000000511e-01,4.523599999999999843e-01,1.003900000000000000e+04
4.582550000000000234e-01,2.903299999999999770e-01,5.944000000000000000e+03
6.239999999999999887e-04,0.000000000000000000e+00,2.000000000000000000e+00
3.357609999999999761e-01,2.402489999999999903e-01,5.611000000000000000e+03
1.191259999999999958e-01,6.713700000000000223e-02,1.669000000000000000e+03
1.843640000000000001e-01,9.798800000000000565e-02,1.803000000000000000e+03
5.502550000000000496e-01,3.675260000000000193e-01,7.774000000000000000e+03
6.029179999999999540e-01,4.584070000000000089e-01,1.112100000000000000e+04
2.259400000000000019e-01,1.448399999999999965e-01,3.333000000000000000e+03
5.800199999999999800e-02,3.361700000000000105e-02,6.770000000000000000e+02
1.602999999999999911e-02,7.137000000000000115e-03,1.120000000000000000e+02
7.818300000000000249e-02,3.104300000000000115e-02,5.550000000000000000e+02
1.207199999999999940e-01,6.706499999999999961e-02,1.256000000000000000e+03
2.034009999999999985e-01,1.376660000000000106e-01,3.639000000000000000e+03
1.039589999999999959e-01,5.870899999999999730e-02,1.004000000000000000e+03
7.817770000000000552e-01,6.262269999999999781e-01,1.848300000000000000e+04
6.839119999999999644e-01,5.134649999999999492e-01,1.272700000000000000e+04
5.703279999999999461e-01,3.889170000000000127e-01,8.419000000000000000e+03
5.972000000000000225e-02,2.966399999999999940e-02,7.070000000000000000e+02
4.000000000000000192e-04,0.000000000000000000e+00,1.000000000000000000e+00
4.611649999999999916e-01,2.996489999999999987e-01,7.711000000000000000e+03
4.578999999999999737e-01,2.994939999999999825e-01,5.844000000000000000e+03
4.634519999999999751e-01,3.216620000000000035e-01,7.653000000000000000e+03
5.488659999999999650e-01,3.647869999999999724e-01,8.151000000000000000e+03
7.373750000000000027e-01,6.079759999999999609e-01,2.034100000000000000e+04
7.328679999999999639e-01,5.489359999999999795e-01,1.562100000000000000e+04
8.442669999999999897e-01,7.388120000000000243e-01,2.431600000000000000e+04
5.021999999999999797e-01,3.411609999999999920e-01,8.363000000000000000e+03
2.799099999999999921e-01,1.758049999999999891e-01,3.264000000000000000e+03
2.036330000000000084e-01,1.261480000000000101e-01,2.284000000000000000e+03
2.159179999999999988e-01,1.134959999999999997e-01,2.147000000000000000e+03
3.082050000000000067e-01,1.769360000000000099e-01,3.510000000000000000e+03
6.906919999999999726e-01,5.609269999999999534e-01,1.546200000000000000e+04
1.648519999999999985e-01,1.082899999999999974e-01,3.070000000000000000e+03
2.093309999999999893e-01,9.930799999999999350e-02,1.759000000000000000e+03
2.589679999999999760e-01,1.689289999999999958e-01,4.350000000000000000e+03
1.786530000000000062e-01,9.239500000000000490e-02,1.786000000000000000e+03
4.099610000000000198e-01,2.851000000000000201e-01,6.438000000000000000e+03
5.875599999999999712e-01,4.400220000000000242e-01,9.858000000000000000e+03
5.888330000000000508e-01,3.923490000000000033e-01,8.081000000000000000e+03
2.158869999999999956e-01,1.387009999999999910e-01,2.649000000000000000e+03
1.933899999999999855e-02,1.234599999999999934e-02,2.100000000000000000e+02
1.308749999999999913e-01,5.781100000000000128e-02,1.166000000000000000e+03
2.489210000000000034e-01,1.567010000000000070e-01,4.004000000000000000e+03
6.365330000000000155e-01,5.015840000000000298e-01,1.400400000000000000e+04
2.293060000000000098e-01,1.290000000000000036e-01,2.866000000000000000e+03
4.325799999999999784e-02,2.072600000000000137e-02,4.470000000000000000e+02
1.704970000000000097e-01,8.705699999999999550e-02,1.561000000000000000e+03
1.834099999999999966e-02,4.934000000000000018e-03,9.600000000000000000e+01
1.815990000000000104e-01,1.076870000000000049e-01,2.395000000000000000e+03
1.849260000000000070e-01,1.024079999999999990e-01,2.070000000000000000e+03
1.432660000000000045e-01,7.609799999999999898e-02,1.434000000000000000e+03
1.531990000000000018e-01,8.619599999999999485e-02,2.095000000000000000e+03
2.447060000000000068e-01,1.258980000000000099e-01,2.274000000000000000e+03
1.529699999999999949e-01,8.360599999999999976e-02,1.795000000000000000e+03
7.334650000000000336e-01,5.493190000000000017e-01,1.230700000000000000e+04
1.470579999999999943e-01,8.231600000000000028e-02,2.241000000000000000e+03
8.172000000000000097e-02,3.839000000000000051e-02,1.056000000000000000e+03
8.661699999999999955e-02,4.745499999999999718e-02,9.010000000000000000e+02
1.896509999999999863e-01,1.126960000000000045e-01,2.133000000000000000e+03
2.792799999999999727e-01,1.702720000000000067e-01,3.584000000000000000e+03
7.402000000000000246e-02,3.968900000000000206e-02,6.460000000000000000e+02
2.454010000000000080e-01,1.793679999999999997e-01,4.031000000000000000e+03
7.554990000000000316e-01,5.991480000000000139e-01,1.725400000000000000e+04
6.282440000000000246e-01,4.455649999999999888e-01,1.033600000000000000e+04
9.322139999999999871e-01,8.453629999999999756e-01,4.197400000000000000e+04
5.189799999999999969e-01,3.705760000000000165e-01,9.225000000000000000e+03
3.934399999999999703e-02,1.305800000000000016e-02,2.830000000000000000e+02
7.902909999999999657e-01,7.049779999999999935e-01,2.882300000000000000e+04
2.312499999999999972e-02,1.328299999999999967e-02,2.140000000000000000e+02
5.275900000000000034e-02,2.580100000000000102e-02,5.970000000000000000e+02
7.053390000000000493e-01,5.345330000000000359e-01,1.318400000000000000e+04
1.808699999999999891e-02,8.611999999999999864e-03,1.420000000000000000e+02
4.901750000000000274e-01,2.972440000000000082e-01,7.755000000000000000e+03
5.364489999999999537e-01,3.904599999999999738e-01,1.037900000000000000e+04
7.792320000000000357e-01,6.341419999999999835e-01,1.764300000000000000e+04
3.057770000000000210e-01,2.028659999999999908e-01,4.582000000000000000e+03
2.814800000000000080e-01,1.777700000000000113e-01,3.470000000000000000e+03
1.383060000000000123e-01,7.054499999999999660e-02,1.397000000000000000e+03
9.594700000000000450e-02,4.278099999999999958e-02,7.470000000000000000e+02
5.161970000000000169e-01,4.220280000000000142e-01,1.290500000000000000e+04
7.561729999999999841e-01,6.010100000000000442e-01,1.449700000000000000e+04
9.117250000000000076e-01,8.235109999999999930e-01,3.579000000000000000e+04
1.815479999999999872e-01,1.078110000000000041e-01,2.040000000000000000e+03
5.458560000000000079e-01,4.040119999999999822e-01,9.747000000000000000e+03
3.653449999999999753e-01,2.467630000000000101e-01,5.897000000000000000e+03
3.390960000000000085e-01,1.990959999999999952e-01,4.241000000000000000e+03
5.064180000000000348e-01,3.368160000000000043e-01,7.195000000000000000e+03
2.639730000000000132e-01,1.728119999999999934e-01,5.141000000000000000e+03
8.727599999999999802e-01,7.447740000000000471e-01,2.428300000000000000e+04
8.013599999999999890e-02,3.119099999999999998e-02,6.340000000000000000e+02
3.537609999999999921e-01,2.272359999999999935e-01,4.802000000000000000e+03
2.219609999999999916e-01,1.178329999999999933e-01,2.914000000000000000e+03
7.856499999999999595e-02,4.579899999999999943e-02,7.680000000000000000e+02
2.740130000000000066e-01,1.705490000000000061e-01,3.128000000000000000e+03
5.043440000000000145e-01,3.416919999999999957e-01,8.320000000000000000e+03
3.395329999999999737e-01,2.031040000000000068e-01,4.859000000000000000e+03
4.913919999999999955e-01,3.120020000000000016e-01,6.392000000000000000e+03
4.831210000000000226e-01,2.775810000000000222e-01,5.375000000000000000e+03
1.902600000000000124e-01,1.131579999999999947e-01,2.631000000000000000e+03
2.707399999999999807e-01,1.734960000000000113e-01,3.425000000000000000e+03
2.674619999999999775e-01,1.640379999999999894e-01,3.089000000000000000e+03
2.234210000000000085e-01,1.262139999999999929e-01,2.322000000000000000e+03
9.370399999999999563e-02,5.274700000000000222e-02,9.480000000000000000e+02
5.644930000000000225e-01,3.735439999999999872e-01,8.120000000000000000e+03
5.777830000000000465e-01,4.084019999999999873e-01,1.098300000000000000e+04
6.328540000000000276e-01,4.909029999999999783e-01,1.392600000000000000e+04
8.986199999999999743e-02,4.369800000000000073e-02,7.600000000000000000e+02
5.638499999999999623e-01,3.958820000000000117e-01,1.101600000000000000e+04
1.511520000000000086e-01,7.819700000000000262e-02,1.986000000000000000e+03
9.003999999999999851e-03,2.105000000000000100e-03,4.600000000000000000e+01
2.947900000000000173e-02,1.195899999999999914e-02,1.930000000000000000e+02
8.184010000000000451e-01,6.656630000000000047e-01,1.991700000000000000e+04
5.449239999999999640e-01,3.983119999999999994e-01,1.058900000000000000e+04
6.260300000000000586e-02,3.176299999999999957e-02,8.090000000000000000e+02
4.170400000000000218e-01,2.727180000000000160e-01,6.302000000000000000e+03
3.271629999999999816e-01,2.256360000000000032e-01,5.526000000000000000e+03
6.615280000000000049e-01,5.020050000000000345e-01,1.234000000000000000e+04
3.022889999999999744e-01,1.609029999999999905e-01,3.107000000000000000e+03
1.024420000000000053e-01,4.136700000000000099e-02,9.600000000000000000e+02
2.514680000000000248e-01,1.720500000000000085e-01,4.695000000000000000e+03
3.002799999999999914e-02,1.119599999999999936e-02,2.160000000000000000e+02
2.897279999999999855e-01,1.931559999999999944e-01,4.484000000000000000e+03
1.430929999999999980e-01,8.771700000000000330e-02,1.894000000000000000e+03
5.486320000000000086e-01,4.164410000000000056e-01,1.055300000000000000e+04
2.143799999999999872e-02,8.019000000000000086e-03,1.770000000000000000e+02
2.077880000000000005e-01,1.198970000000000036e-01,2.219000000000000000e+03
4.494020000000000237e-01,3.018830000000000124e-01,6.168000000000000000e+03
2.233640000000000070e-01,1.432460000000000122e-01,3.448000000000000000e+03
1.457299999999999915e-02,2.582999999999999793e-03,1.080000000000000000e+02
7.383089999999999931e-01,5.947820000000000329e-01,1.833000000000000000e+04
5.768689999999999651e-01,4.082350000000000145e-01,9.894000000000000000e+03
8.783499999999999641e-02,5.348499999999999782e-02,9.460000000000000000e+02
1.266889999999999961e-01,8.196299999999999419e-02,1.829000000000000000e+03
2.467959999999999876e-01,1.722490000000000132e-01,3.912000000000000000e+03
6.075880000000000170e-01,4.238990000000000258e-01,2.006500000000000000e+04
5.573129999999999473e-01,3.782099999999999906e-01,9.527000000000000000e+03
6.341200000000000170e-01,4.489630000000000010e-01,1.163200000000000000e+04
3.236629999999999785e-01,2.023689999999999933e-01,4.181000000000000000e+03
2.275999999999999811e-03,6.260000000000000373e-04,1.200000000000000000e+01
4.939700000000000202e-01,3.389630000000000143e-01,7.963000000000000000e+03
1.417940000000000034e-01,8.228699999999999903e-02,1.720000000000000000e+03
6.639399999999999746e-01,4.978779999999999872e-01,1.291900000000000000e+04
5.314320000000000155e-01,3.542179999999999773e-01,7.789000000000000000e+03
4.939399999999999902e-01,3.329540000000000277e-01,7.809000000000000000e+03
8.445580000000000309e-01,7.320010000000000128e-01,2.222900000000000000e+04
3.109469999999999734e-01,2.028079999999999883e-01,4.575000000000000000e+03
5.033889999999999754e-01,3.810669999999999891e-01,1.112800000000000000e+04
1.625169999999999948e-01,9.144099999999999451e-02,2.007000000000000000e+03
4.549389999999999823e-01,3.063480000000000092e-01,7.748000000000000000e+03
4.296929999999999916e-01,2.694610000000000061e-01,6.984000000000000000e+03
3.027520000000000211e-01,1.809250000000000025e-01,3.775000000000000000e+03
2.261090000000000044e-01,1.516339999999999910e-01,2.978000000000000000e+03
8.326930000000000165e-01,6.978750000000000231e-01,2.113300000000000000e+04
6.597389999999999644e-01,4.587120000000000086e-01,1.145200000000000000e+04
5.167969999999999509e-01,3.621380000000000154e-01,9.287000000000000000e+03
4.405529999999999724e-01,2.824610000000000176e-01,6.358000000000000000e+03
6.861509999999999554e-01,4.927360000000000073e-01,1.140700000000000000e+04
6.394999999999999643e-03,3.170000000000000075e-03,5.100000000000000000e+01
1.051129999999999981e-01,6.333199999999999941e-02,1.215000000000000000e+03
7.054420000000000135e-01,5.267079999999999540e-01,1.309300000000000000e+04
2.962090000000000001e-01,1.691169999999999896e-01,3.932000000000000000e+03
5.855219999999999869e-01,4.028030000000000221e-01,1.132800000000000000e+04
8.408649999999999736e-01,6.772749999999999604e-01,1.881600000000000000e+04
4.725139999999999896e-01,3.204210000000000114e-01,7.729000000000000000e+03
2.435319999999999985e-01,1.399859999999999993e-01,3.014000000000000000e+03
6.832000000000000572e-02,2.762699999999999878e-02,5.210000000000000000e+02
5.528480000000000061e-01,3.937780000000000169e-01,8.686000000000000000e+03
