# Recorrida,Repetida,Tiempo
4.000000000000000192e-04,0.000000000000000000e+00,0.000000000000000000e+00
5.553099999999999703e-02,4.336600000000000177e-02,1.295000000000000000e+03
2.939410000000000078e-01,2.416719999999999979e-01,6.219000000000000000e+03
5.464930000000000065e-01,4.788529999999999731e-01,1.761100000000000000e+04
2.539699999999999736e-01,2.034960000000000102e-01,5.300000000000000000e+03
3.911300000000000193e-02,2.618900000000000047e-02,4.830000000000000000e+02
6.986440000000000428e-01,6.434419999999999584e-01,3.210400000000000000e+04
3.308450000000000002e-01,2.671740000000000226e-01,7.785000000000000000e+03
8.416409999999999725e-01,7.745360000000000023e-01,3.739000000000000000e+04
3.205520000000000036e-01,2.609279999999999933e-01,7.546000000000000000e+03
9.419099999999999695e-02,7.168599999999999972e-02,1.429000000000000000e+03
9.198739999999999695e-01,8.950369999999999715e-01,1.087900000000000000e+05
2.686099999999999946e-02,1.656200000000000033e-02,2.600000000000000000e+02
3.201400000000000079e-02,2.259399999999999950e-02,4.590000000000000000e+02
1.491260000000000085e-01,1.201259999999999967e-01,3.333000000000000000e+03
2.224550000000000138e-01,1.722629999999999995e-01,4.002000000000000000e+03
1.393399999999999916e-01,1.088070000000000009e-01,2.939000000000000000e+03
4.943799999999999861e-01,4.111349999999999727e-01,1.400400000000000000e+04
6.779180000000000206e-01,6.075700000000000545e-01,2.426000000000000000e+04
5.234090000000000131e-01,4.409600000000000186e-01,1.410300000000000000e+04
5.826010000000000355e-01,5.066439999999999833e-01,2.167300000000000000e+04
6.779100000000000403e-02,4.878899999999999904e-02,1.128000000000000000e+03
5.723070000000000102e-01,5.221010000000000373e-01,2.421400000000000000e+04
6.274039999999999617e-01,5.411749999999999616e-01,1.873500000000000000e+04
1.336209999999999898e-01,1.080770000000000064e-01,2.981000000000000000e+03
5.645000000000000018e-02,4.112400000000000083e-02,8.530000000000000000e+02
2.918890000000000096e-01,2.361939999999999873e-01,6.433000000000000000e+03
5.606889999999999930e-01,4.899319999999999786e-01,1.747100000000000000e+04
2.612490000000000090e-01,2.092440000000000133e-01,5.332000000000000000e+03
3.000510000000000121e-01,2.299960000000000060e-01,5.345000000000000000e+03
7.626509999999999678e-01,7.084120000000000417e-01,3.826500000000000000e+04
9.248699999999999699e-01,8.868310000000000359e-01,6.205500000000000000e+04
9.619900000000000673e-02,7.643300000000000094e-02,1.799000000000000000e+03
1.292200000000000015e-01,8.842600000000000460e-02,2.158000000000000000e+03
4.339169999999999972e-01,3.569979999999999820e-01,1.075100000000000000e+04
5.532169999999999588e-01,4.915950000000000042e-01,1.948900000000000000e+04
3.515999999999999681e-02,2.205100000000000116e-02,3.740000000000000000e+02
6.527060000000000084e-01,5.748569999999999514e-01,1.984700000000000000e+04
3.388410000000000033e-01,2.822540000000000049e-01,8.057000000000000000e+03
5.461380000000000123e-01,4.881360000000000143e-01,2.765700000000000000e+04
5.718299999999999772e-02,3.882000000000000034e-02,7.590000000000000000e+02
2.145299999999999985e-01,1.696779999999999955e-01,4.903000000000000000e+03
6.574199999999999489e-02,4.390299999999999758e-02,8.560000000000000000e+02
1.596700000000000064e-01,1.325020000000000087e-01,3.883000000000000000e+03
4.260289999999999910e-01,3.819899999999999962e-01,1.663900000000000000e+04
6.791719999999999979e-01,6.285159999999999636e-01,3.919200000000000000e+04
7.716830000000000078e-01,7.113019999999999898e-01,3.275500000000000000e+04
9.645709999999999562e-01,9.483430000000000470e-01,1.041050000000000000e+05
1.444969999999999866e-01,1.110659999999999981e-01,2.530000000000000000e+03
5.418220000000000258e-01,4.545649999999999968e-01,1.300600000000000000e+04
1.020360000000000017e-01,7.244200000000000639e-02,1.513000000000000000e+03
4.365499999999999936e-02,3.294699999999999712e-02,7.060000000000000000e+02
6.911319999999999686e-01,5.965859999999999497e-01,2.159000000000000000e+04
9.659100000000000463e-01,9.405440000000000467e-01,9.552900000000000000e+04
1.272649999999999892e-01,9.715999999999999637e-02,2.434000000000000000e+03
6.566600000000000215e-01,6.001910000000000300e-01,2.939800000000000000e+04
2.225820000000000021e-01,1.882699999999999929e-01,5.819000000000000000e+03
3.413209999999999855e-01,2.875770000000000270e-01,8.785000000000000000e+03
2.011729999999999907e-01,1.625530000000000030e-01,4.634000000000000000e+03
5.839490000000000514e-01,5.078799999999999981e-01,1.842000000000000000e+04
4.566040000000000099e-01,3.765069999999999806e-01,1.068400000000000000e+04
8.527620000000000200e-01,8.169960000000000555e-01,5.020600000000000000e+04
7.302199999999999802e-01,6.345439999999999969e-01,2.069000000000000000e+04
4.643019999999999925e-01,3.706769999999999787e-01,9.544000000000000000e+03
3.752300000000000080e-02,2.466499999999999942e-02,4.520000000000000000e+02
2.259549999999999892e-01,1.775249999999999884e-01,4.298000000000000000e+03
5.641620000000000523e-01,4.980689999999999840e-01,1.911500000000000000e+04
6.941500000000000448e-02,4.797699999999999881e-02,1.080000000000000000e+03
4.569199999999999928e-01,3.868110000000000159e-01,1.420200000000000000e+04
2.311390000000000111e-01,1.760420000000000040e-01,3.957000000000000000e+03
8.175780000000000269e-01,7.603499999999999703e-01,4.300100000000000000e+04
1.543819999999999915e-01,1.319249999999999867e-01,5.364000000000000000e+03
2.525990000000000180e-01,1.974380000000000024e-01,4.612000000000000000e+03
7.768999999999999864e-03,4.285999999999999879e-03,6.600000000000000000e+01
4.199010000000000242e-01,3.653500000000000081e-01,1.141100000000000000e+04
4.288170000000000037e-01,3.471710000000000074e-01,1.018700000000000000e+04
5.977799999999999780e-02,3.925800000000000123e-02,6.920000000000000000e+02
6.299580000000000179e-01,5.588720000000000354e-01,2.059300000000000000e+04
6.195699999999999819e-02,4.024900000000000005e-02,8.680000000000000000e+02
7.169079999999999897e-01,6.637199999999999767e-01,3.187000000000000000e+04
1.539850000000000108e-01,1.193369999999999986e-01,2.717000000000000000e+03
5.141470000000000207e-01,4.564540000000000264e-01,1.764900000000000000e+04
7.267919999999999936e-01,6.274049999999999905e-01,2.131700000000000000e+04
3.449079999999999924e-01,2.714710000000000178e-01,7.010000000000000000e+03
4.011210000000000053e-01,3.228770000000000251e-01,8.643000000000000000e+03
3.774799999999999683e-02,1.999400000000000135e-02,3.550000000000000000e+02
4.744700000000000029e-01,3.964280000000000026e-01,1.357200000000000000e+04
8.261100000000000110e-01,7.819169999999999732e-01,4.736600000000000000e+04
2.216589999999999949e-01,1.832409999999999872e-01,4.952000000000000000e+03
2.811710000000000043e-01,2.537360000000000171e-01,1.346500000000000000e+04
4.140079999999999871e-01,3.439050000000000162e-01,1.210100000000000000e+04
1.098999999999999977e-02,5.329999999999999669e-03,8.300000000000000000e+01
2.499909999999999910e-01,2.028850000000000098e-01,5.131000000000000000e+03
1.085359999999999936e-01,7.922800000000000675e-02,1.610000000000000000e+03
3.786180000000000101e-01,3.025169999999999804e-01,7.573000000000000000e+03
3.191160000000000108e-01,2.508719999999999839e-01,6.911000000000000000e+03
5.087829999999999853e-01,4.514960000000000084e-01,2.549300000000000000e+04
4.105000000000000142e-03,1.479000000000000063e-03,2.600000000000000000e+01
3.441660000000000275e-01,2.739670000000000161e-01,7.071000000000000000e+03
7.204499999999999793e-02,4.605299999999999672e-02,7.910000000000000000e+02
6.241900000000000226e-01,5.498950000000000227e-01,2.015300000000000000e+04
3.061760000000000037e-01,2.430319999999999980e-01,5.818000000000000000e+03
1.868819999999999926e-01,1.453490000000000060e-01,3.737000000000000000e+03
7.813630000000000297e-01,7.221840000000000481e-01,3.800100000000000000e+04
5.882899999999999796e-01,5.271599999999999620e-01,2.798600000000000000e+04
3.918800000000000061e-01,3.294389999999999818e-01,8.557000000000000000e+03
5.699549999999999894e-01,4.835510000000000086e-01,1.743600000000000000e+04
7.688939999999999664e-01,7.144190000000000262e-01,3.792100000000000000e+04
6.702110000000000012e-01,6.136639999999999873e-01,3.042000000000000000e+04
1.469830000000000025e-01,1.053999999999999937e-01,2.657000000000000000e+03
6.594889999999999919e-01,6.220339999999999758e-01,3.683200000000000000e+04
3.805760000000000254e-01,3.160040000000000071e-01,1.322800000000000000e+04
9.317140000000000422e-01,8.889780000000000459e-01,5.041800000000000000e+04
2.069419999999999871e-01,1.526919999999999944e-01,3.775000000000000000e+03
1.464050000000000074e-01,1.210429999999999978e-01,3.207000000000000000e+03
8.944170000000000176e-01,8.423669999999999769e-01,4.257700000000000000e+04
4.550879999999999925e-01,3.709189999999999987e-01,1.018800000000000000e+04
5.469429999999999570e-01,4.791400000000000103e-01,1.879600000000000000e+04
4.768200000000000216e-02,3.464699999999999724e-02,6.120000000000000000e+02
3.644530000000000269e-01,3.027710000000000123e-01,1.085900000000000000e+04
1.016449999999999992e-01,7.025399999999999701e-02,1.343000000000000000e+03
7.380470000000000086e-01,6.749439999999999884e-01,3.024900000000000000e+04
7.553400000000000114e-01,6.679699999999999527e-01,2.630400000000000000e+04
1.609599999999999920e-02,8.122000000000000747e-03,1.360000000000000000e+02
2.630040000000000155e-01,2.093049999999999911e-01,5.272000000000000000e+03
4.301039999999999863e-01,3.583609999999999851e-01,1.130300000000000000e+04
2.500049999999999772e-01,2.047750000000000126e-01,5.414000000000000000e+03
9.403699999999999559e-02,6.826999999999999735e-02,1.400000000000000000e+03
5.385299999999999809e-02,3.553599999999999814e-02,7.250000000000000000e+02
2.271050000000000013e-01,1.929740000000000066e-01,9.166000000000000000e+03
2.694909999999999806e-01,2.018359999999999876e-01,5.063000000000000000e+03
8.115470000000000184e-01,7.511959999999999749e-01,4.747800000000000000e+04
1.830009999999999970e-01,1.436679999999999902e-01,3.488000000000000000e+03
4.604559999999999764e-01,3.917309999999999959e-01,1.218500000000000000e+04
7.705680000000000307e-01,7.279029999999999667e-01,4.382300000000000000e+04
6.754000000000000281e-02,4.171799999999999814e-02,8.110000000000000000e+02
4.260260000000000158e-01,3.397979999999999889e-01,8.811000000000000000e+03
3.963869999999999894e-01,3.378430000000000044e-01,1.004600000000000000e+04
1.538740000000000108e-01,1.174719999999999931e-01,2.750000000000000000e+03
9.820860000000000145e-01,9.732690000000000508e-01,1.070080000000000000e+05
4.191389999999999838e-01,3.543430000000000191e-01,1.075500000000000000e+04
2.066700000000000134e-02,1.454500000000000064e-02,2.390000000000000000e+02
6.846609999999999641e-01,6.060020000000000406e-01,2.360400000000000000e+04
6.504100000000000159e-02,5.095999999999999835e-02,1.220000000000000000e+03
7.760439999999999561e-01,6.904109999999999969e-01,2.637700000000000000e+04
8.467959999999999932e-01,7.860679999999999890e-01,3.843700000000000000e+04
3.553850000000000064e-01,2.983629999999999893e-01,9.372000000000000000e+03
6.265399999999999858e-01,5.605010000000000270e-01,1.973400000000000000e+04
6.385999999999999455e-01,5.659560000000000146e-01,2.044800000000000000e+04
8.894000000000000516e-02,6.659299999999999942e-02,1.554000000000000000e+03
7.055580000000000185e-01,6.440639999999999699e-01,3.322500000000000000e+04
8.447899999999999854e-02,6.405399999999999983e-02,1.546000000000000000e+03
8.645129999999999759e-01,8.292650000000000299e-01,7.271200000000000000e+04
4.086850000000000205e-01,3.626099999999999879e-01,1.425700000000000000e+04
5.142780000000000129e-01,4.483190000000000230e-01,1.749200000000000000e+04
4.871590000000000087e-01,4.423699999999999855e-01,1.871600000000000000e+04
6.514899999999999858e-02,4.679500000000000326e-02,8.700000000000000000e+02
1.997800000000000131e-01,1.576480000000000103e-01,4.262000000000000000e+03
5.993810000000000526e-01,5.103720000000000478e-01,1.584200000000000000e+04
2.517159999999999953e-01,1.981680000000000108e-01,5.077000000000000000e+03
5.255229999999999624e-01,4.464850000000000207e-01,1.970500000000000000e+04
2.426800000000000138e-02,1.373699999999999921e-02,2.150000000000000000e+02
5.187960000000000349e-01,4.779109999999999747e-01,2.063800000000000000e+04
6.374520000000000186e-01,5.590289999999999981e-01,1.916800000000000000e+04
3.288670000000000204e-01,2.948870000000000102e-01,1.424500000000000000e+04
4.914149999999999907e-01,4.242259999999999920e-01,1.554600000000000000e+04
2.173029999999999962e-01,1.696719999999999895e-01,4.313000000000000000e+03
5.102820000000000134e-01,4.254609999999999781e-01,1.216800000000000000e+04
7.737199999999999633e-02,5.985200000000000242e-02,1.426000000000000000e+03
3.676130000000000231e-01,3.224750000000000116e-01,1.445600000000000000e+04
9.000150000000000095e-01,8.822940000000000227e-01,9.501800000000000000e+04
1.055350000000000038e-01,8.927599999999999425e-02,2.862000000000000000e+03
6.347399999999999709e-01,5.545269999999999921e-01,2.148500000000000000e+04
5.233609999999999651e-01,4.363679999999999781e-01,1.332900000000000000e+04
2.515870000000000051e-01,2.132890000000000064e-01,7.029000000000000000e+03
3.585490000000000066e-01,3.196999999999999842e-01,1.574500000000000000e+04
9.603289999999999882e-01,9.274270000000000014e-01,6.423600000000000000e+04
1.934480000000000088e-01,1.480120000000000047e-01,3.242000000000000000e+03
6.878469999999999862e-01,6.179280000000000328e-01,2.872300000000000000e+04
8.454420000000000268e-01,7.957790000000000141e-01,4.262200000000000000e+04
6.685999999999999721e-01,5.977850000000000108e-01,2.466300000000000000e+04
8.264000000000000512e-03,3.739999999999999835e-03,6.300000000000000000e+01
3.513950000000000129e-01,2.903569999999999762e-01,9.136000000000000000e+03
2.506519999999999859e-01,1.837499999999999967e-01,4.453000000000000000e+03
5.265279999999999960e-01,4.672979999999999912e-01,1.769400000000000000e+04
8.748999999999999833e-02,6.340999999999999415e-02,1.340000000000000000e+03
1.922010000000000107e-01,1.423879999999999868e-01,3.450000000000000000e+03
6.713559999999999528e-01,5.650479999999999947e-01,1.831200000000000000e+04
9.226480000000000237e-01,8.879569999999999963e-01,6.615100000000000000e+04
7.343520000000000048e-01,6.564680000000000515e-01,3.746600000000000000e+04
2.294499999999999873e-01,1.762799999999999923e-01,4.584000000000000000e+03
4.177629999999999955e-01,3.494999999999999774e-01,1.056600000000000000e+04
2.541990000000000083e-01,2.030820000000000125e-01,5.808000000000000000e+03
9.620399999999999785e-02,7.251000000000000500e-02,1.985000000000000000e+03
5.226269999999999527e-01,4.140530000000000044e-01,1.176600000000000000e+04
1.324780000000000124e-01,9.900100000000000566e-02,2.062000000000000000e+03
1.241980000000000028e-01,1.034569999999999934e-01,3.590000000000000000e+03
7.449059999999999571e-01,6.675870000000000415e-01,2.871900000000000000e+04
6.755780000000000118e-01,5.858560000000000434e-01,2.101900000000000000e+04
6.286300000000000221e-02,4.216600000000000209e-02,8.570000000000000000e+02
2.835500000000000242e-01,2.324110000000000065e-01,6.615000000000000000e+03
7.108349999999999946e-01,6.297760000000000025e-01,2.308200000000000000e+04
6.404429999999999845e-01,5.612650000000000139e-01,1.950000000000000000e+04
3.995400000000000063e-01,3.245770000000000044e-01,8.827000000000000000e+03
6.265900000000000636e-02,4.100000000000000172e-02,8.010000000000000000e+02
4.990939999999999821e-01,4.046270000000000144e-01,1.274600000000000000e+04
5.692270000000000385e-01,4.935169999999999835e-01,1.678200000000000000e+04
5.463869999999999560e-01,4.897000000000000242e-01,2.441700000000000000e+04
1.800150000000000083e-01,1.442309999999999981e-01,3.617000000000000000e+03
7.125099999999999489e-02,5.178900000000000170e-02,1.056000000000000000e+03
4.355149999999999855e-01,3.580530000000000102e-01,1.114800000000000000e+04
7.782050000000000356e-01,7.021659999999999568e-01,2.983300000000000000e+04
4.623320000000000207e-01,3.936379999999999879e-01,1.388900000000000000e+04
5.095610000000000417e-01,4.374020000000000130e-01,1.393800000000000000e+04
1.801200000000000023e-02,1.259900000000000082e-02,2.610000000000000000e+02
4.931249999999999800e-01,4.270200000000000107e-01,1.431900000000000000e+04
1.352099999999999969e-01,9.533300000000000107e-02,1.803000000000000000e+03
3.661880000000000135e-01,3.057380000000000098e-01,9.091000000000000000e+03
4.000000000000000192e-04,0.000000000000000000e+00,1.000000000000000000e+00
2.369159999999999877e-01,1.764509999999999967e-01,4.115000000000000000e+03
4.501000000000000140e-02,3.174400000000000138e-02,5.860000000000000000e+02
1.468369999999999953e-01,1.032629999999999937e-01,2.164000000000000000e+03
2.429000000000000048e-01,1.951340000000000019e-01,5.335000000000000000e+03
3.309460000000000179e-01,2.518569999999999975e-01,5.887000000000000000e+03
8.138100000000000334e-01,7.490879999999999761e-01,4.003400000000000000e+04
8.352009999999999712e-01,7.771379999999999955e-01,3.772500000000000000e+04
9.664799999999999780e-02,6.782699999999999840e-02,1.518000000000000000e+03
6.576490000000000391e-01,5.834439999999999626e-01,2.672500000000000000e+04
7.043699999999999961e-02,4.758300000000000030e-02,8.440000000000000000e+02
4.114630000000000232e-01,3.447879999999999834e-01,1.199100000000000000e+04
1.895179999999999920e-01,1.385609999999999897e-01,2.917000000000000000e+03
7.819500000000000339e-01,7.149290000000000367e-01,4.424300000000000000e+04
8.406540000000000123e-01,7.621769999999999934e-01,3.708700000000000000e+04
7.268200000000000216e-01,6.379799999999999915e-01,2.983900000000000000e+04
6.936660000000000048e-01,5.955570000000000030e-01,1.901000000000000000e+04
8.488689999999999847e-01,8.105219999999999647e-01,7.279400000000000000e+04
2.263950000000000129e-01,1.842630000000000101e-01,5.027000000000000000e+03
4.265470000000000095e-01,3.481270000000000198e-01,1.170300000000000000e+04
2.069239999999999968e-01,1.454789999999999972e-01,3.053000000000000000e+03
8.737499999999999434e-02,6.338000000000000578e-02,1.176000000000000000e+03
4.638880000000000225e-01,3.759049999999999891e-01,1.064600000000000000e+04
2.005900000000000044e-02,1.352300000000000030e-02,2.530000000000000000e+02
1.247989999999999933e-01,9.265400000000000025e-02,2.475000000000000000e+03
4.437240000000000073e-01,3.769020000000000148e-01,1.482100000000000000e+04
8.941559999999999508e-01,8.339560000000000306e-01,4.127300000000000000e+04
5.900910000000000322e-01,4.966539999999999844e-01,1.415200000000000000e+04
1.283880000000000021e-01,9.539499999999999369e-02,2.470000000000000000e+03
7.119999999999999940e-02,5.226599999999999996e-02,1.183000000000000000e+03
5.021799999999999875e-02,3.651100000000000179e-02,8.650000000000000000e+02
8.141260000000000163e-01,7.866739999999999844e-01,5.309800000000000000e+04
3.554410000000000069e-01,2.886009999999999964e-01,7.579000000000000000e+03
2.393309999999999882e-01,1.883269999999999944e-01,6.076000000000000000e+03
4.381970000000000032e-01,3.655410000000000048e-01,1.174000000000000000e+04
5.906310000000000171e-01,5.132050000000000223e-01,1.668500000000000000e+04
2.247260000000000091e-01,1.833079999999999987e-01,5.166000000000000000e+03
3.974389999999999867e-01,3.422890000000000099e-01,1.151200000000000000e+04
2.175199999999999911e-01,1.746610000000000107e-01,4.808000000000000000e+03
5.820100000000000273e-02,4.088399999999999673e-02,8.090000000000000000e+02
7.167580000000000062e-01,6.472229999999999928e-01,3.022900000000000000e+04
1.243500000000000022e-01,9.098100000000000631e-02,2.109000000000000000e+03
8.015079999999999982e-01,7.456690000000000262e-01,3.817400000000000000e+04
2.124340000000000117e-01,1.643429999999999891e-01,3.954000000000000000e+03
9.481640000000000068e-01,9.294480000000000519e-01,7.242200000000000000e+04
4.858930000000000193e-01,4.127410000000000245e-01,1.470900000000000000e+04
5.463799999999999768e-01,4.919959999999999889e-01,2.221000000000000000e+04
5.084400000000000031e-02,3.551800000000000096e-02,6.810000000000000000e+02
1.221420000000000006e-01,8.818299999999999750e-02,1.921000000000000000e+03
4.578969999999999985e-01,3.851359999999999784e-01,1.187500000000000000e+04
2.233950000000000102e-01,1.774959999999999871e-01,4.462000000000000000e+03
8.182589999999999586e-01,7.736779999999999768e-01,4.447300000000000000e+04
4.525399999999999978e-01,3.660280000000000200e-01,1.034100000000000000e+04
6.787929999999999797e-01,6.145270000000000454e-01,3.211400000000000000e+04
8.410399999999999820e-02,6.071700000000000014e-02,1.224000000000000000e+03
6.770270000000000454e-01,6.304130000000000011e-01,3.516200000000000000e+04
1.307609999999999884e-01,9.897000000000000242e-02,2.191000000000000000e+03
1.846200000000000063e-01,1.557330000000000103e-01,5.072000000000000000e+03
2.317990000000000050e-01,1.974490000000000134e-01,8.561000000000000000e+03
7.831900000000000528e-01,7.287810000000000121e-01,3.109900000000000000e+04
3.300930000000000253e-01,2.629090000000000038e-01,7.247000000000000000e+03
6.567849999999999522e-01,5.747489999999999544e-01,2.231400000000000000e+04
5.972079999999999611e-01,5.243449999999999500e-01,1.844800000000000000e+04
6.854019999999999557e-01,5.945230000000000237e-01,2.291800000000000000e+04
2.064699999999999869e-01,1.622329999999999883e-01,3.952000000000000000e+03
4.493280000000000052e-01,3.806700000000000084e-01,1.017800000000000000e+04
2.879729999999999790e-01,2.463710000000000067e-01,7.506000000000000000e+03
4.234550000000000258e-01,3.397299999999999764e-01,8.920000000000000000e+03
6.955899999999999583e-02,4.781500000000000333e-02,8.830000000000000000e+02
4.771429999999999838e-01,3.930960000000000010e-01,1.143200000000000000e+04
2.388429999999999997e-01,1.988459999999999950e-01,5.770000000000000000e+03
3.786010000000000209e-01,3.477709999999999968e-01,1.827900000000000000e+04
3.987530000000000241e-01,3.535840000000000094e-01,1.633100000000000000e+04
3.712399999999999728e-02,2.307400000000000076e-02,3.790000000000000000e+02
3.350389999999999757e-01,2.871449999999999836e-01,1.089800000000000000e+04
1.017649999999999944e-01,7.231500000000000428e-02,1.464000000000000000e+03
4.843009999999999815e-01,4.273980000000000001e-01,1.738400000000000000e+04
5.183999999999999719e-01,4.605960000000000054e-01,1.574000000000000000e+04
7.566300000000000248e-01,6.873730000000000118e-01,2.661400000000000000e+04
2.225219999999999976e-01,1.749290000000000012e-01,4.451000000000000000e+03
7.388630000000000475e-01,6.756450000000000511e-01,2.721100000000000000e+04
1.043690000000000034e-01,7.963299999999999546e-02,1.901000000000000000e+03
4.446339999999999737e-01,3.810160000000000213e-01,1.187700000000000000e+04
2.268900000000000083e-02,1.301700000000000079e-02,2.300000000000000000e+02
4.157529999999999837e-01,3.600240000000000107e-01,1.399800000000000000e+04
2.871520000000000183e-01,2.441399999999999959e-01,7.442000000000000000e+03
2.856200000000000058e-02,2.153199999999999906e-02,4.300000000000000000e+02
2.873330000000000051e-01,2.483400000000000052e-01,9.651000000000000000e+03
7.240090000000000137e-01,6.444339999999999513e-01,2.515700000000000000e+04
1.111120000000000024e-01,8.557900000000000229e-02,2.018000000000000000e+03
4.684220000000000050e-01,3.798630000000000062e-01,1.157300000000000000e+04
4.415180000000000216e-01,4.066230000000000122e-01,2.056600000000000000e+04
9.545879999999999921e-01,9.257020000000000248e-01,8.926800000000000000e+04
7.565849999999999520e-01,6.714120000000000088e-01,2.530700000000000000e+04
1.308189999999999908e-01,9.587900000000000589e-02,2.046000000000000000e+03
4.465399999999999925e-02,2.944799999999999848e-02,5.660000000000000000e+02
5.407239999999999824e-01,4.413159999999999861e-01,1.280900000000000000e+04
7.827099999999999336e-02,5.252300000000000024e-02,1.042000000000000000e+03
6.599599999999999911e-02,5.046799999999999897e-02,1.128000000000000000e+03
8.926770000000000538e-01,8.279649999999999510e-01,4.415300000000000000e+04
3.280529999999999835e-01,2.760659999999999781e-01,8.889000000000000000e+03
5.635400000000000131e-02,4.002900000000000208e-02,8.440000000000000000e+02
4.028280000000000194e-01,3.351299999999999835e-01,9.880000000000000000e+03
7.063139999999999974e-01,6.070020000000000415e-01,2.089200000000000000e+04
5.787109999999999754e-01,5.085150000000000503e-01,2.400200000000000000e+04
3.814910000000000245e-01,3.057659999999999823e-01,7.675000000000000000e+03
9.094229999999999814e-01,8.591360000000000108e-01,5.764500000000000000e+04
1.970520000000000049e-01,1.521760000000000057e-01,4.326000000000000000e+03
3.972399999999999820e-01,3.189870000000000205e-01,9.008000000000000000e+03
2.952580000000000204e-01,2.246430000000000093e-01,5.636000000000000000e+03
3.580619999999999914e-01,2.991619999999999835e-01,9.727000000000000000e+03
8.183049999999999491e-01,7.586169999999999858e-01,4.146500000000000000e+04
8.831879999999999731e-01,7.996560000000000334e-01,2.968100000000000000e+04
1.890429999999999888e-01,1.518579999999999930e-01,3.742000000000000000e+03
8.532410000000000272e-01,8.147550000000000070e-01,4.544300000000000000e+04
4.113430000000000142e-01,3.520269999999999788e-01,1.136100000000000000e+04
1.190110000000000057e-01,7.756799999999999806e-02,1.526000000000000000e+03
8.436240000000000405e-01,7.736429999999999696e-01,3.607700000000000000e+04
8.187600000000000433e-02,6.175900000000000140e-02,1.423000000000000000e+03
5.339570000000000149e-01,4.374529999999999808e-01,1.148900000000000000e+04
2.711419999999999941e-01,2.218549999999999967e-01,6.727000000000000000e+03
2.656180000000000208e-01,2.028899999999999870e-01,4.543000000000000000e+03
2.609170000000000100e-01,2.163539999999999908e-01,5.885000000000000000e+03
8.509780000000000122e-01,8.132530000000000037e-01,5.713200000000000000e+04
8.300000000000000086e-04,0.000000000000000000e+00,3.000000000000000000e+00
7.511820000000000164e-01,7.008400000000000185e-01,4.036800000000000000e+04
5.693669999999999565e-01,4.667970000000000175e-01,1.587200000000000000e+04
2.129169999999999952e-01,1.694039999999999990e-01,4.293000000000000000e+03
3.281589999999999785e-01,2.566740000000000133e-01,7.099000000000000000e+03
2.484619999999999884e-01,1.907200000000000006e-01,5.224000000000000000e+03
4.350720000000000143e-01,3.462660000000000182e-01,9.676000000000000000e+03
2.977960000000000051e-01,2.589710000000000067e-01,1.046700000000000000e+04
1.388669999999999904e-01,1.002429999999999988e-01,2.071000000000000000e+03
7.184709999999999708e-01,6.191159999999999997e-01,2.308600000000000000e+04
1.031999999999999931e-03,4.800000000000000122e-05,4.000000000000000000e+00
5.395079999999999876e-01,4.557169999999999832e-01,1.410900000000000000e+04
9.200300000000000145e-02,6.850599999999999745e-02,1.670000000000000000e+03
7.091330000000000133e-01,6.657020000000000159e-01,3.825000000000000000e+04
6.731859999999999511e-01,6.025580000000000380e-01,2.268700000000000000e+04
1.775899999999999979e-01,1.267040000000000111e-01,2.702000000000000000e+03
3.557239999999999847e-01,2.956050000000000066e-01,9.551000000000000000e+03
9.305649999999999755e-01,9.006440000000000001e-01,8.605300000000000000e+04
5.947519999999999474e-01,5.227600000000000025e-01,2.057100000000000000e+04
3.067610000000000059e-01,2.535049999999999804e-01,7.488000000000000000e+03
4.467829999999999857e-01,3.824089999999999989e-01,1.231100000000000000e+04
5.466619999999999813e-01,4.760610000000000119e-01,1.590200000000000000e+04
6.410670000000000535e-01,5.623879999999999990e-01,2.147200000000000000e+04
9.458300000000000041e-02,6.575699999999999601e-02,1.387000000000000000e+03
1.795110000000000039e-01,1.395730000000000026e-01,3.567000000000000000e+03
3.733029999999999959e-01,3.029100000000000126e-01,7.840000000000000000e+03
3.861829999999999985e-01,3.244150000000000089e-01,1.150300000000000000e+04
9.233199999999999741e-02,6.204799999999999899e-02,1.295000000000000000e+03
4.144599999999999951e-01,3.606230000000000269e-01,1.235700000000000000e+04
9.971299999999999608e-02,7.167800000000000560e-02,1.398000000000000000e+03
8.269300000000000261e-02,6.019300000000000345e-02,1.313000000000000000e+03
3.622500000000000026e-02,2.347899999999999987e-02,4.110000000000000000e+02
6.024730000000000363e-01,5.194990000000000441e-01,1.808300000000000000e+04
3.724120000000000208e-01,3.365589999999999971e-01,1.739200000000000000e+04
9.317609999999999504e-01,8.991559999999999553e-01,6.376100000000000000e+04
6.248930000000000318e-01,5.456130000000000146e-01,2.242800000000000000e+04
4.242239999999999900e-01,3.380230000000000179e-01,9.272000000000000000e+03
7.575520000000000032e-01,6.673470000000000235e-01,2.718500000000000000e+04
6.531360000000000499e-01,5.766710000000000447e-01,2.906600000000000000e+04
6.403689999999999660e-01,5.705810000000000048e-01,2.017100000000000000e+04
3.995699999999999946e-02,2.403200000000000128e-02,4.040000000000000000e+02
3.854469999999999841e-01,3.289210000000000189e-01,1.203800000000000000e+04
6.774050000000000349e-01,6.031189999999999607e-01,2.404600000000000000e+04
9.008150000000000324e-01,8.605939999999999701e-01,6.299900000000000000e+04
1.007119999999999960e-01,7.102799999999999392e-02,1.505000000000000000e+03
7.784130000000000216e-01,6.934989999999999766e-01,3.044100000000000000e+04
1.036689999999999973e-01,7.476599999999999913e-02,1.564000000000000000e+03
5.087549999999999573e-01,4.167690000000000006e-01,1.186000000000000000e+04
8.346580000000000110e-01,7.560989999999999656e-01,3.490500000000000000e+04
3.045780000000000154e-01,2.546999999999999820e-01,8.670000000000000000e+03
5.395339999999999581e-01,4.817690000000000028e-01,2.370900000000000000e+04
1.823760000000000103e-01,1.471899999999999875e-01,4.335000000000000000e+03
4.028760000000000119e-01,3.657860000000000000e-01,1.550500000000000000e+04
7.302720000000000322e-01,6.536159999999999748e-01,2.681000000000000000e+04
1.583299999999999985e-01,1.185540000000000066e-01,2.758000000000000000e+03
5.701929999999999499e-01,4.977800000000000002e-01,1.838200000000000000e+04
2.422920000000000074e-01,1.949559999999999904e-01,5.256000000000000000e+03
8.807469999999999466e-01,8.394270000000000342e-01,5.776300000000000000e+04
3.255199999999999760e-01,2.714929999999999843e-01,7.282000000000000000e+03
2.950929999999999942e-01,2.407259999999999955e-01,6.097000000000000000e+03
3.943940000000000223e-01,3.480240000000000000e-01,1.437700000000000000e+04
6.214399999999999785e-02,4.278300000000000158e-02,8.600000000000000000e+02
2.573550000000000004e-01,2.093240000000000101e-01,6.124000000000000000e+03
3.805129999999999901e-01,3.142789999999999750e-01,8.871000000000000000e+03
2.066280000000000061e-01,1.749680000000000124e-01,6.402000000000000000e+03
4.889069999999999805e-01,4.024869999999999837e-01,1.073200000000000000e+04
2.421500000000000041e-02,1.519900000000000070e-02,2.560000000000000000e+02
5.405189999999999717e-01,4.752140000000000253e-01,1.774000000000000000e+04
1.250100000000000100e-01,9.090399999999999869e-02,1.860000000000000000e+03
3.192699999999999982e-01,2.972989999999999799e-01,1.938300000000000000e+04
4.552300000000000235e-01,4.091099999999999737e-01,1.609700000000000000e+04
4.247779999999999889e-01,3.624879999999999769e-01,1.138700000000000000e+04
1.543200000000000127e-01,1.332530000000000103e-01,5.150000000000000000e+03
9.602199999999999624e-02,6.989700000000000080e-02,1.426000000000000000e+03
3.343720000000000026e-01,2.843749999999999889e-01,9.149000000000000000e+03
1.876120000000000010e-01,1.409739999999999882e-01,3.299000000000000000e+03
3.269340000000000024e-01,2.756580000000000141e-01,9.582000000000000000e+03
9.534599999999999742e-01,9.257360000000000033e-01,6.650800000000000000e+04
4.803680000000000172e-01,4.066420000000000035e-01,1.156600000000000000e+04
1.460400000000000066e-02,9.530000000000000276e-03,2.120000000000000000e+02
1.176899999999999995e-02,7.974999999999999450e-03,1.830000000000000000e+02
6.315910000000000135e-01,5.624609999999999888e-01,1.986300000000000000e+04
8.528000000000000858e-03,5.166999999999999718e-03,8.500000000000000000e+01
1.115199999999999941e-01,9.165500000000000036e-02,2.218000000000000000e+03
4.787759999999999794e-01,4.080059999999999798e-01,1.316500000000000000e+04
1.534600000000000027e-02,9.079999999999999530e-03,1.550000000000000000e+02
2.699139999999999873e-01,2.294180000000000108e-01,8.727000000000000000e+03
7.391360000000000152e-01,6.557910000000000128e-01,2.701600000000000000e+04
2.563100000000000100e-02,1.617499999999999841e-02,3.480000000000000000e+02
3.867199999999999804e-02,2.680499999999999897e-02,5.300000000000000000e+02
1.865549999999999986e-01,1.526280000000000137e-01,5.408000000000000000e+03
1.755629999999999968e-01,1.311390000000000056e-01,2.947000000000000000e+03
3.944449999999999901e-01,3.574169999999999847e-01,1.905400000000000000e+04
5.631150000000000322e-01,4.892619999999999747e-01,1.712300000000000000e+04
2.307490000000000097e-01,1.753339999999999899e-01,3.989000000000000000e+03
1.400730000000000031e-01,1.105529999999999985e-01,2.991000000000000000e+03
3.694899999999999851e-01,3.149649999999999950e-01,1.119300000000000000e+04
4.882079999999999753e-01,3.971580000000000110e-01,1.199700000000000000e+04
9.686839999999999895e-01,9.494460000000000122e-01,8.890600000000000000e+04
7.086940000000000461e-01,6.447500000000000453e-01,2.887100000000000000e+04
8.149260000000000392e-01,7.810350000000000348e-01,6.543200000000000000e+04
2.699700000000000016e-02,1.830499999999999836e-02,2.990000000000000000e+02
9.406299999999999384e-02,6.433999999999999442e-02,1.268000000000000000e+03
5.872070000000000345e-01,5.066509999999999625e-01,1.800300000000000000e+04
3.273730000000000251e-01,2.673670000000000213e-01,7.757000000000000000e+03
2.476099999999999829e-02,1.447299999999999975e-02,2.200000000000000000e+02
9.674719999999999986e-01,9.546900000000000386e-01,1.369240000000000000e+05
1.231830000000000008e-01,1.042890000000000067e-01,3.508000000000000000e+03
6.417310000000000514e-01,5.612800000000000011e-01,2.395500000000000000e+04
3.270330000000000181e-01,2.434499999999999997e-01,6.001000000000000000e+03
1.486149999999999971e-01,1.123620000000000035e-01,3.006000000000000000e+03
5.765709999999999447e-01,4.875940000000000274e-01,1.589100000000000000e+04
1.344039999999999957e-01,9.389699999999999436e-02,1.883000000000000000e+03
2.283219999999999972e-01,1.712029999999999941e-01,3.895000000000000000e+03
2.174989999999999979e-01,1.772759999999999891e-01,5.475000000000000000e+03
8.539149999999999796e-01,7.966710000000000180e-01,4.494900000000000000e+04
1.621209999999999873e-01,1.206430000000000002e-01,2.550000000000000000e+03
9.346699999999999453e-02,6.668100000000000416e-02,1.413000000000000000e+03
3.460210000000000230e-01,2.884140000000000037e-01,8.231000000000000000e+03
7.274129999999999763e-01,6.588939999999999797e-01,2.779100000000000000e+04
8.118969999999999798e-01,7.460200000000000164e-01,3.118400000000000000e+04
8.331239999999999757e-01,7.752120000000000122e-01,4.596400000000000000e+04
5.026370000000000005e-01,4.269569999999999754e-01,1.430600000000000000e+04
2.212270000000000070e-01,1.680699999999999972e-01,3.890000000000000000e+03
1.379749999999999865e-01,9.460699999999999665e-02,1.865000000000000000e+03
1.378040000000000098e-01,9.238999999999999990e-02,1.867000000000000000e+03
4.321010000000000129e-01,3.721900000000000208e-01,1.298200000000000000e+04
7.074650000000000105e-01,6.555609999999999493e-01,3.314900000000000000e+04
1.958110000000000128e-01,1.393620000000000136e-01,2.769000000000000000e+03
2.599879999999999969e-01,1.972329999999999917e-01,5.832000000000000000e+03
9.857719999999999816e-01,9.727609999999999868e-01,8.399400000000000000e+04
3.599829999999999974e-01,2.885639999999999872e-01,7.437000000000000000e+03
7.265150000000000219e-01,6.902789999999999759e-01,5.284200000000000000e+04
1.284369999999999956e-01,9.695700000000000152e-02,2.317000000000000000e+03
2.589279999999999915e-01,2.012470000000000092e-01,6.088000000000000000e+03
7.949699999999999822e-02,5.922800000000000287e-02,1.300000000000000000e+03
4.481999999999999873e-02,2.892000000000000126e-02,5.280000000000000000e+02
4.900360000000000271e-01,4.215619999999999923e-01,1.451800000000000000e+04
8.846500000000000474e-01,8.166740000000000110e-01,3.658100000000000000e+04
7.856729999999999547e-01,7.168980000000000352e-01,3.845800000000000000e+04
5.491829999999999767e-01,4.678499999999999881e-01,1.494500000000000000e+04
1.894190000000000040e-01,1.591889999999999972e-01,5.843000000000000000e+03
8.422699999999999632e-01,7.637369999999999992e-01,3.124600000000000000e+04
7.457999999999999352e-02,4.877900000000000291e-02,9.000000000000000000e+02
5.720460000000000544e-01,5.222830000000000528e-01,2.033600000000000000e+04
5.672599999999999865e-01,4.729430000000000023e-01,1.550600000000000000e+04
5.818179999999999463e-01,5.353419999999999845e-01,2.797300000000000000e+04
9.335679999999999534e-01,9.016170000000000018e-01,7.625700000000000000e+04
3.981049999999999867e-01,3.242309999999999914e-01,9.347000000000000000e+03
7.914999999999999813e-02,5.729800000000000171e-02,1.354000000000000000e+03
2.557599999999999874e-01,2.225100000000000133e-01,8.125000000000000000e+03
7.243800000000000239e-02,4.837700000000000333e-02,9.860000000000000000e+02
5.356840000000000490e-01,4.510810000000000097e-01,1.332800000000000000e+04
3.175189999999999957e-01,2.539000000000000146e-01,6.072000000000000000e+03
6.934289999999999621e-01,6.173610000000000486e-01,2.522800000000000000e+04
2.908720000000000194e-01,2.283010000000000039e-01,6.263000000000000000e+03
2.307339999999999947e-01,1.781699999999999950e-01,4.732000000000000000e+03
1.198359999999999981e-01,8.534500000000000419e-02,1.752000000000000000e+03
